720575940606012081
720575940629141775
720575940635545310
720575940621289537
720575940619085397
720575940628111875
720575940614316650
720575940621314593
720575940631412832
720575940620276144
720575940619742288
720575940636079991
720575940624666044
720575940626748446
720575940635067034
720575940614856042
720575940605213100
720575940638980149
720575940641395163
720575940622518749
720575940615860748
720575940630054656
720575940622082729
720575940622329212
720575940627371322
720575940631003077
720575940615469634
720575940636656014
720575940632226641
720575940619128955
720575940626784899
720575940627103518
