720575940638513752
720575940628953210
720575940645728132
720575940623087859
720575940617534676
720575940631630893
720575940627214891
720575940642599328
720575940618293883
720575940633367377
720575940626811023
720575940619219627
720575940614844994
720575940627000582
720575940627606375
720575940624853600
720575940623503945
720575940613637782
720575940618912427
720575940616783361
720575940625583204
720575940627707753
720575940624716746
720575940620981274
720575940626553993
720575940622211845
720575940626614405
720575940626726730
720575940626282298
720575940608053852
720575940626581525
720575940631842119
720575940632625837
720575940619169985
720575940619725844
720575940629728732
720575940618728395
720575940616439697
720575940628597291
720575940605742002
720575940629154810
720575940632014284
720575940649429625
720575940620028788
720575940629965788
720575940619210375
720575940620673776
720575940630284306
720575940634013869
720575940652581878
720575940633938657
720575940633259360
720575940631217782
720575940644512791
720575940635419237
720575940637013726
720575940635757936
720575940646514740
720575940629710444
720575940637887872
720575940626976522
720575940628429056
720575940610686162
720575940614155882
720575940643977070
720575940619844534
720575940614236575
720575940617141789
720575940616311513
720575940633471839
720575940628277147
720575940624045155
720575940614212514
720575940614102930
720575940611762329
720575940620224677
720575940634776218
720575940625154283
720575940633509407
720575940620023024
720575940615723350
720575940631510865
720575940624304432
720575940610864533
720575940636093541
720575940629728988
720575940622262593
720575940623129587
720575940628599595
720575940630958673
720575940628246121
720575940624689336
720575940641979277
720575940624037052
720575940612455917
720575940620109550
720575940623122957
720575940641592973
720575940632624813
720575940647088004
720575940623610919
720575940645808931
720575940618903345
720575940619451233
720575940619418304
720575940616546333
720575940639030094
720575940643183140
720575940617577797
720575940628285450
720575940628690423
720575940627370027
720575940621398366
720575940622987007
720575940607459849
720575940618539422
720575940622891923
720575940622972167
720575940619559956
720575940609577518
720575940608227541
720575940639080526
720575940649394553
720575940639022414
720575940620997409
720575940626769304
720575940625694857
720575940620202111
720575940627675535
720575940616322397
720575940626529448
720575940613466577
720575940611845034
720575940614105342
720575940615659381
720575940626202237
720575940621209513
720575940611844886
720575940617454114
720575940620705012
720575940618806101
720575940612149014
720575940623267559
720575940620024560
720575940624853276
720575940627805096
720575940617626781
720575940631003723
720575940624061116
720575940646094388
720575940627239848
720575940629338750
720575940631474316
720575940626856721
720575940624849040
720575940624500519
720575940627144010
720575940609633378
720575940624964362
720575940628769662
720575940631931183
720575940631313455
720575940649154425
720575940611662706
720575940625999235
720575940616482363
720575940630696645
720575940628703993
720575940623607527
720575940622204612
720575940626240522
720575940613798195
720575940644667246
720575940654500257
720575940626984274
720575940616566745
720575940637639396
720575940626980358
720575940629099770
720575940639449507
720575940634407263
720575940621479295
720575940638402357
720575940631885485
720575940627154063
720575940626631441
720575940623943914
720575940640837027
720575940634818296
720575940630807619
720575940629842681
720575940629854953
720575940635126452
720575940615257395
720575940645686564
720575940620802230
720575940622547661
720575940614327442
720575940626867081
720575940633915327
720575940613699807
720575940623276471
720575940631964371
720575940630101497
720575940625814274
720575940616093746
720575940611966194
720575940632239661
720575940620193472
720575940638116723
720575940614742214
720575940639093411
720575940638069875
720575940639451043
720575940613736941
720575940617825563
720575940621307230
720575940624335548
720575940633175196
720575940637087039
720575940630642447
720575940623235848
720575940633731435
720575940626907923
720575940626680453
720575940618343734
720575940619761072
720575940627163560
720575940633642391
720575940629518892
720575940623729907
720575940616377942
720575940619702337
720575940638475573
720575940604700006
720575940611916274
720575940619791019
720575940623045117
720575940606460873
720575940639186264
720575940625795453
720575940621590720
720575940639053885
720575940638511267
720575940628749111
720575940633389281
720575940616857757
720575940626565907
720575940632637139
720575940629390970
720575940610059726
720575940630514191
720575940629557292
720575940620382704
720575940628888375
720575940628702658
720575940659447937
720575940618640542
720575940619403028
720575940614430102
720575940614378463
720575940623317261
720575940627948367
720575940625889625
720575940613671330
720575940605343921
720575940625273116
720575940638678179
720575940639076669
720575940639025998
720575940630107131
720575940620621665
720575940627454888
720575940614110375
720575940610189358
720575940621625349
720575940618784891
720575940627171089
720575940626213642
720575940617109597
720575940621424397
720575940629153274
720575940620036417
720575940607221771
720575940631911761
720575940622196518
720575940631450764
720575940616944251
720575940630033962
720575940626299678
720575940617208098
720575940619566507
720575940625720890
720575940617720221
720575940630990756
720575940635214734
720575940622550251
720575940603356128
720575940638666805
720575940630424121
720575940615578054
720575940627334782
720575940623572164
720575940631090759
720575940623242476
720575940638607805
720575940613508970
720575940614880671
720575940610724306
720575940630257772
720575940622039501
720575940611127650
720575940628132943
720575940621585507
720575940619277733
720575940614724038
720575940616417169
720575940617234077
720575940623567945
720575940612634009
720575940625670842
720575940615903547
720575940618242353
720575940633998687
720575940629296254
720575940635978638
720575940629821756
720575940612633494
720575940638642560
720575940629248044
720575940630366780
720575940634706035
720575940620847342
720575940639024462
720575940617351990
720575940627157135
720575940626282633
720575940622624234
720575940628823674
720575940635072111
720575940622519372
720575940630824239
720575940613365650
720575940635277998
720575940628837436
720575940627643398
720575940626516026
720575940634703987
720575940626618696
720575940623059347
720575940630734587
720575940633909695
720575940622494215
720575940636975582
720575940629349164
720575940607865180
720575940640331995
720575940623032102
720575940626170826
720575940628452711
720575940633857687
720575940628408143
720575940622403881
720575940659835009
720575940639836624
720575940619440878
720575940615758395
720575940631512376
720575940629384953
720575940633475991
720575940626730058
720575940622710733
720575940631983330
720575940610926762
720575940628565776
720575940624828464
720575940615305484
720575940621802612
720575940619298731
720575940633221657
720575940611157466
720575940622540969
720575940621767629
720575940629521260
720575940616364545
720575940622421542
720575940613666666
720575940629235159
720575940629239852
720575940621482665
720575940638214470
720575940626879996
720575940618696920
720575940615719029
720575940624096708
720575940616205405
720575940621804329
720575940645576756
720575940625383299
720575940637846069
720575940619360532
720575940621326874
720575940623801276
720575940629263872
720575940610922202
720575940616194397
720575940605834626
720575940638410611
720575940620831265
720575940621808227
720575940629677655
720575940628641871
720575940620030384
720575940622063871
720575940611218418
720575940646120324
720575940614014431
720575940645211939
720575940633668031
720575940620555252
720575940611237034
720575940633250530
720575940621821004
720575940613509010
720575940645214243
720575940620418032
720575940617009638
720575940607948483
720575940607811420
720575940646308740
720575940609586901
720575940644028452
720575940619331163
720575940619401199
720575940607059634
720575940621926536
720575940624095246
720575940616940405
720575940616844859
720575940620538806
720575940618759128
720575940631594833
720575940646136964
720575940631711021
720575940624211640
720575940619603024
720575940639182680
720575940642455200
720575940620882714
720575940638871128
720575940622370954
720575940642669728
720575940623831054
720575940633662615
720575940629963116
720575940615750843
720575940615681366
720575940619454656
720575940619789248
720575940635706219
720575940619528789
720575940638099940
720575940620929519
720575940630838570
720575940630996072
720575940626869013
720575940609040835
720575940628909623
720575940626122535
720575940626692485
720575940616670242
720575940610412386
720575940606949042
720575940626031132
720575940633512800
720575940605686886
720575940631406673
720575940615711093
720575940621263457
720575940623797321
720575940628281860
720575940617333275
720575940624432103
720575940621335841
720575940629511383
720575940622383338
720575940618533403
720575940630339525
720575940622682409
720575940634995960
720575940644542574
720575940627465288
720575940637387098
720575940615596171
720575940622831541
720575940620197104
720575940612564338
720575940621044863
720575940620719743
720575940629977559
720575940620886704
720575940632510163
720575940632458195
720575940630276972
720575940644590116
720575940629620731
720575940634574004
720575940631314479
720575940630044409
720575940644262935
720575940626607626
720575940624366835
720575940628390811
720575940638957400
720575940629497431
720575940621629189
720575940629767161
720575940628619319
720575940624365500
720575940635705963
720575940616536209
720575940615427734
720575940659222657
720575940624211470
720575940631467591
720575940612972328
720575940633031085
720575940634614367
720575940639931893
720575940622565514
720575940603828704
720575940625187390
720575940624163854
720575940623031223
720575940619976686
720575940630246778
720575940629782748
720575940612417905
720575940621860009
720575940629253948
720575940631014703
720575940625028380
720575940615144821
720575940623339495
720575940638487384
720575940608667460
720575940631067715
720575940619638950
720575940631041071
720575940614831291
720575940627598891
720575940628044560
720575940619320768
720575940620110830
720575940631296204
720575940630411339
720575940624739728
720575940620392374
720575940632091951
720575940622332771
720575940623646537
720575940632333395
720575940634083479
720575940629265602
720575940634595679
720575940627595024
720575940624878992
720575940638564797
720575940621166719
720575940653913505
720575940612615149
720575940628323943
720575940613084625
720575940613481256
720575940620123558
720575940631956397
720575940612024342
720575940615885195
720575940625215416
720575940638822515
720575940640851189
720575940604662444
720575940617390149
720575940630811449
720575940621378580
720575940634860143
720575940624121358
720575940632404706
720575940616924701
720575940631680763
720575940639487440
720575940621286405
720575940625581208
720575940622512522
720575940629009769
720575940607637340
720575940627322088
720575940619761473
720575940633933975
720575940618738853
720575940628790784
720575940627820649
720575940644221038
720575940631544740
720575940623257597
720575940621132969
720575940623925180
720575940631321675
720575940613858922
720575940627251786
720575940624711216
720575940629853015
720575940614410719
720575940632570593
720575940620167083
720575940639564496
720575940613686674
720575940644746606
720575940620537264
720575940620348342
720575940630370379
720575940619755457
720575940626979271
720575940630990732
720575940605266865
720575940615398075
720575940627455400
720575940615558598
720575940630688709
720575940616929241
720575940621423999
720575940645858868
720575940636679390
720575940607580171
720575940618610311
720575940624390477
720575940614583618
720575940635592805
720575940639099264
720575940635342949
720575940624702541
720575940613161267
720575940619689350
720575940621437004
720575940637906502
720575940626826005
720575940607958229
720575940626849423
720575940621514509
720575940621438284
720575940616546521
720575940624736400
720575940619690118
720575940624980261
720575940639166336
720575940619051009
720575940627510409
720575940616138811
720575940629455068
720575940622075928
720575940624180668
720575940627964715
720575940621529053
720575940621648861
720575940616858086
720575940625136228
720575940626860487
720575940622268454
720575940632733651
720575940622655782
720575940623322697
720575940638860672
720575940622230310
720575940628565114
720575940638645592
720575940619445382
720575940617496886
720575940616220765
720575940613337086
720575940620783898
720575940625485657
720575940619297963
720575940626584904
720575940620993193
720575940631201311
720575940629524342
720575940626307922
720575940625728899
720575940617209940
720575940619434689
720575940628953088
720575940625050826
720575940629178108
720575940652064502
720575940610287566
720575940617007453
720575940611773354
720575940633080033
720575940616815005
720575940623721703
720575940622526355
720575940622961604
720575940612559587
720575940604704870
720575940624641680
720575940642936264
720575940622736934
720575940617362150
720575940651553014
720575940619314964
720575940631595562
720575940629373148
720575940642780832
720575940620269039
720575940614117374
720575940613785041
720575940648931705
720575940621844137
720575940613797398
720575940606167142
720575940629009786
720575940613011375
720575940630132754
720575940610015586
720575940620177601
720575940626829992
720575940625611139
720575940638249917
720575940615112646
720575940635999918
720575940619163783
720575940611984114
720575940614110866
720575940619903215
720575940617208354
720575940640262645
720575940659150977
720575940638915160
720575940617712438
720575940629337470
720575940632731105
720575940630384246
720575940629423994
720575940612166553
720575940643407520
720575940630869522
720575940646484020
720575940632002152
720575940628303183
720575940621204556
720575940646221108
720575940631166535
720575940616360633
720575940630645067
720575940625283770
720575940614122803
720575940610604437
720575940631487652
720575940613944785
720575940640604951
720575940626593618
720575940618845504
720575940631458335
720575940625275280
720575940635304116
720575940632110637
720575940611478681
720575940630465500
720575940623361427
720575940610102830
720575940610756814
720575940649098105
720575940633553760
720575940629075191
720575940626354954
720575940626048637
720575940632920545
720575940621429068
720575940605929394
720575940635399160
720575940615146562
720575940609228809
720575940620015201
720575940643002528
720575940630846019
720575940629000318
720575940616151638
720575940610873237
720575940616275174
720575940633213591
720575940641174747
720575940635170679
720575940624917031
720575940629888599
720575940623816596
720575940623087069
720575940635803822
720575940634183103
720575940632966445
720575940621594281
720575940631060291
720575940623071485
720575940623026357
720575940621110305
720575940618145147
720575940616472465
720575940608090972
720575940606123209
720575940617217537
720575940627453895
720575940613419315
720575940615767739
720575940620603489
720575940638804669
720575940607641557
720575940624595132
720575940652101622
720575940631934023
720575940616179286
720575940604439072
720575940628750747
720575940612755665
720575940625496762
720575940630947375
720575940624014669
720575940634202036
720575940626681886
720575940619270535
720575940628673079
720575940615956085
720575940622695861
720575940631353764
720575940631239076
720575940610318542
720575940619188139
720575940631620177
720575940631620712
720575940639246195
720575940630532439
720575940631498040
720575940630105851
720575940628210255
720575940624066279
720575940623594248
720575940639443328
720575940630093174
720575940613437359
720575940631295116
720575940630612280
720575940622099294
720575940616203067
720575940655010209
720575940628677626
720575940622440840
720575940654194337
720575940621325338
720575940641039067
720575940631228719
720575940635184485
720575940626147971
720575940624951020
720575940649134969
720575940614522847
720575940622564621
720575940651502070
720575940636998463
720575940625884541
720575940626744744
720575940621914381
720575940631639570
720575940611117425
720575940627397386
720575940630726095
720575940621291852
720575940638667846
720575940625671426
720575940609114436
720575940626589053
720575940617340646
720575940619675056
720575940615089970
720575940629673692
720575940607375881
720575940607697282
720575940638351332
720575940611300594
720575940620096097
720575940605608806
720575940610255058
720575940617483318
720575940620774326
720575940625362020
720575940623031559
720575940615380530
720575940625825538
720575940626619411
720575940628358406
720575940629591746
720575940629380034
720575940621282774
720575940606483890
720575940616844347
720575940637704676
720575940611357938
720575940637255743
720575940649428601
720575940634941887
720575940621674108
720575940616831349
720575940631639058
720575940617038593
720575940625462064
720575940630956601
720575940620448532
720575940626886933
720575940614426799
720575940625953466
720575940623496521
720575940616934361
720575940631468335
720575940649434489
720575940644366536
720575940621374633
720575940613875858
720575940617514653
720575940617058521
720575940611382195
720575940626183443
720575940627185064
720575940608283147
720575940628683002
720575940637374441
720575940629274935
720575940635011935
720575940632364881
720575940627332885
720575940628380827
720575940627208196
720575940605915872
720575940639517016
720575940625399600
720575940614647658
720575940622070004
720575940617166882
720575940626800792
720575940618236283
720575940620522305
720575940643240904
720575940639509336
720575940621449933
720575940626632211
720575940621122651
720575940603832288
720575940623334837
720575940622713578
720575940628164907
720575940622134285
720575940631236167
720575940645612579
720575940625271845
720575940632175407
720575940612306138
720575940629182402
720575940617215700
720575940615750075
720575940610131012
720575940624264340
720575940639076696
720575940605661361
720575940629443628
720575940633557986
720575940636388750
720575940624366323
720575940616908939
720575940645196567
720575940626996252
720575940623457609
720575940654851489
720575940621124033
720575940615923131
720575940616095318
720575940628989562
720575940654849697
720575940627636476
720575940632108205
720575940614723495
720575940614037910
720575940659274881
720575940622333027
720575940622966054
720575940618937649
720575940632889313
720575940621196826
720575940615430806
720575940614932898
720575940616045106
720575940621098879
720575940616886228
720575940631997068
720575940621148781
720575940627327314
720575940626974266
720575940617895744
720575940623870389
720575940630249020
720575940606357122
720575940649430393
720575940628205417
720575940604499936
720575940620519088
720575940619632148
720575940606053041
720575940626583059
720575940628280911
720575940626872593
720575940630852138
720575940622553420
720575940631479570
720575940621304325
720575940611161237
720575940641776373
720575940606939849
720575940606697650
720575940627265043
720575940617642580
720575940630209658
720575940623037283
720575940626047536
720575940644316360
720575940623367607
720575940617730141
720575940629832252
720575940614258082
720575940629904748
720575940633713087
720575940611830937
720575940612621721
720575940627129672
720575940628372327
720575940614705567
720575940636002679
720575940626928388
720575940635609975
720575940626197532
720575940631629866
720575940625658554
720575940640113616
720575940631932108
720575940638867526
720575940621540446
720575940613021206
720575940644562455
720575940620809381
720575940640805877
720575940612355301
720575940616320699
720575940622538790
720575940644429934
720575940621165951
720575940613886687
720575940626451864
720575940626594435
720575940631907143
720575940637626084
720575940626457290
720575940619601237
720575940622219478
720575940605912678
720575940638579428
720575940614926754
720575940639083086
720575940630177068
720575940620614571
720575940635935343
720575940631903299
720575940623623687
720575940628184040
720575940617182045
720575940621715550
720575940608634837
720575940630648438
720575940633940761
720575940623334143
720575940620595821
720575940632252068
720575940617232477
720575940623820725
720575940624471020
720575940627128969
720575940632258468
720575940627718929
720575940622069492
720575940621396390
720575940629020176
720575940628553731
720575940623298253
720575940633366483
720575940638931133
720575940620296107
720575940631089657
720575940605579110
720575940616363963
720575940616076219
720575940620543067
720575940621124289
720575940621556928
720575940621321748
720575940614487215
720575940625760816
720575940619269534
720575940620781446
720575940615657119
720575940606342321
720575940619340446
720575940622067956
720575940610464195
720575940626688529
720575940626873488
720575940613502435
720575940617145483
720575940633036371
720575940612692915
720575940628865641
720575940614344755
720575940623705894
720575940641743579
720575940622809046
720575940641786101
720575940634771892
720575940623228771
720575940627648522
720575940631077369
720575940640326488
720575940641842677
