720575940628673474
720575940606567125
720575940612446866
720575940618388463
720575940614190709
720575940619696133
720575940637562469
720575940615853851
720575940615903259
720575940615929373
720575940618586862
720575940629717097
720575940621082623
720575940608787413
720575940619625792
720575940622949820
720575940623626288
720575940631454433
720575940626022218
720575940626217744
720575940627513210
720575940628524150
720575940633366242
720575940629593401
720575940623158154
720575940632706970
720575940633320628
720575940634407566
720575940617597268
720575940645084548
720575940645126020
720575940657653633
720575940608664184
720575940623804106
720575940627588218
720575940633366498
720575940625526805
720575940637507645
720575940633189624
720575940631092947
720575940624813437
720575940618029733
720575940606279179
720575940625021573
720575940603765937
720575940606343945
720575940606526421
720575940624805765
720575940615677090
720575940638065469
720575940627764780
720575940615134557
720575940622450924
720575940624967305
720575940622861326
720575940619421823
720575940634672610
720575940620797976
720575940640390709
720575940630911991
720575940636985422
720575940624968841
720575940625632516
720575940624433027
720575940627902268
720575940628265467
720575940625907143
720575940644464919
720575940638631843
720575940633303988
720575940635630308
720575940637689728
720575940626163697
720575940627903804
720575940624449881
720575940621375231
720575940625507870
720575940635791167
720575940629270339
720575940617937543
720575940615274425
720575940619072513
720575940645743412
720575940613061118
720575940624079544
720575940612670570
720575940629176663
720575940632425919
720575940630233916
720575940622298631
720575940609919897
720575940621008895
720575940626016017
720575940610481370
720575940627578156
720575940602353632
720575940614281266
720575940627490663
720575940621502051
720575940614273292
720575940618025199
720575940629481516
720575940610683315
720575940630968335
720575940628329546
720575940635392910
720575940632293346
720575940638312262
720575940621916952
720575940640601563
720575940620856046
720575940622731229
720575940631393484
720575940629388135
720575940621898665
720575940614734186
720575940618788944
720575940610981362
720575940623834300
720575940622371037
720575940625032548
720575940626015242
720575940639555928
720575940619387814
720575940617121819
720575940646212996
720575940624948867
720575940629009468
720575940627454569
720575940609913042
720575940617828766
720575940639043280
720575940632423394
720575940633791935
720575940621870349
720575940610259406
720575940637130985
720575940633143833
720575940638419534
720575940630195909
720575940622346180
720575940645332259
720575940625163790
720575940611018714
720575940631020079
720575940610474610
720575940604852146
720575940623660558
720575940630893196
720575940611211417
720575940619928929
720575940616616861
720575940633165980
720575940626217226
720575940626983952
720575940616885538
720575940629358807
720575940628131778
720575940639259967
720575940622405708
720575940612950568
720575940626014218
720575940639198653
720575940638218173
720575940627821896
720575940658442625
720575940624963786
720575940637580102
720575940612920386
720575940610483162
720575940626241636
720575940628832256
720575940625750105
720575940628853239
720575940603266592
720575940617398502
720575940624604560
720575940617510720
720575940631331855
720575940616167218
720575940610259370
720575940638202345
720575940635391845
720575940629146711
720575940614211295
720575940623172843
720575940611849178
720575940638813016
720575940624266061
720575940624310676
720575940630552151
720575940609306563
720575940629416318
720575940614163367
720575940609645124
720575940616163701
720575940619793940
720575940608295689
720575940629112887
720575940627692048
720575940622236671
720575940616971035
720575940626703241
720575940641339611
720575940621704197
720575940660292225
720575940612422579
720575940612582514
720575940627907883
720575940620289701
720575940627394376
720575940628198503
720575940615089369
720575940627402568
720575940620589838
720575940609476562
720575940620185515
720575940606801282
720575940622486922
720575940623183083
720575940631082124
720575940625450498
720575940616308921
720575940635172191
720575940619287278
720575940631069255
720575940632889389
720575940615261073
720575940618887217
720575940636487598
720575940644965399
720575940625031610
720575940611168921
720575940632880173
720575940622358057
720575940631423263
720575940617857694
720575940639332736
720575940623629292
720575940625861168
720575940632510479
720575940629510338
720575940613996959
720575940612010137
720575940622902535
720575940640649691
720575940632634911
720575940633634199
720575940611184819
720575940623138485
720575940635990896
720575940635176366
720575940613080751
720575940621754367
720575940622604109
720575940607500297
720575940622413508
720575940616177458
720575940616742657
720575940627036746
720575940609533230
720575940623173470
720575940638682787
720575940629884119
720575940615641798
720575940642361485
720575940620698136
720575940620332404
720575940624976572
720575940618466384
720575940604590048
720575940637650522
720575940629025324
720575940622313971
720575940630797113
720575940616811265
720575940604027168
720575940612208406
720575940631898285
720575940604018208
720575940627110672
720575940625741114
720575940633733601
720575940613601698
720575940626674182
720575940616264788
720575940624792197
720575940631147148
720575940611106453
720575940625203504
720575940620926234
720575940624352643
720575940632467923
720575940610649442
720575940635425893
720575940626284036
720575940607737099
720575940608296917
720575940629852866
720575940612612581
720575940617094208
720575940604714528
720575940631204163
720575940638183652
720575940619197093
720575940611875570
720575940634796536
720575940629211607
720575940612579053
720575940620296641
720575940617181725
720575940645611652
720575940624310345
720575940625696601
720575940642088333
720575940624311881
720575940617433830
720575940613786774
720575940634683743
720575940630741701
720575940607347634
720575940608356053
720575940628891774
720575940617239197
720575940634859188
720575940637742911
720575940614302370
720575940632341452
720575940619659861
720575940616851286
720575940612556402
720575940638011994
720575940627810347
720575940630229007
720575940627438906
720575940630882039
720575940621864060
720575940612445938
720575940646736772
720575940627397263
720575940631106664
720575940628116476
720575940618706811
720575940628616271
720575940644157988
720575940610773090
720575940606002609
720575940631284511
720575940614830239
720575940634278295
720575940622136022
720575940647084164
720575940643065032
720575940637165028
720575940638608803
720575940622200233
720575940619155403
720575940627265265
720575940620692833
720575940618706043
720575940618682526
720575940630553415
720575940628330256
720575940632146340
720575940623843145
720575940622743309
720575940630702789
720575940622585224
720575940637747519
720575940625752778
720575940628962407
720575940610788069
720575940608305161
720575940617000768
720575940610296622
720575940637568838
720575940630597839
720575940622853011
720575940606205897
720575940617674909
720575940621509759
720575940617801499
720575940621778381
720575940621689880
720575940616562150
720575940625615705
720575940622825736
720575940619028208
720575940621506943
720575940632302161
720575940606254002
720575940626287336
720575940611678181
720575940609314243
720575940622199593
720575940619103435
720575940633455073
720575940614208914
720575940618601782
720575940634023961
720575940624373483
720575940609369180
720575940632627660
720575940615516319
720575940618709371
720575940621508479
720575940629821500
720575940631656504
