720575940605699104
720575940606871497
720575940626522910
720575940609787256
720575940630009794
720575940623745869
720575940644057635
720575940630630225
720575940624594276
720575940618856896
720575940627046010
720575940606012081
720575940629141775
720575940627042170
720575940607367125
720575940616064546
720575940613304883
720575940632466784
720575940609541917
720575940622297855
720575940636990005
720575940620444654
720575940606415317
720575940612988575
720575940625561348
720575940618055003
720575940617815687
720575940610121625
720575940636785205
720575940625095813
720575940615285393
720575940628091910
720575940622482445
720575940615458594
720575940621595399
720575940627272747
720575940610146713
720575940607140035
720575940615862322
720575940612763242
720575940629347626
720575940613992565
720575940620119005
720575940628100614
720575940625087546
720575940625763015
720575940616613022
720575940606222428
720575940610753503
720575940628935564
720575940606800341
720575940627704375
720575940606431189
720575940622217992
720575940606239243
720575940629719404
720575940625915338
720575940622179497
720575940624308355
720575940617273560
720575940629199402
720575940638529525
720575940614929245
720575940625733960
720575940621521917
720575940609543197
720575940642352117
720575940629386819
720575940617524053
720575940621532413
720575940624224408
720575940627523584
720575940613012959
720575940618888368
720575940623791152
720575940608297774
720575940626956777
720575940615473186
720575940627868471
720575940619047028
720575940629502009
720575940604973746
720575940639904475
720575940625703434
720575940610008217
720575940613105311
720575940642517284
720575940614026269
720575940622222856
720575940604299454
720575940606657493
720575940637366335
720575940626375785
720575940634923621
720575940609530653
720575940640591861
720575940625571240
720575940635968745
720575940628649465
720575940633153375
720575940631098338
720575940628978409
720575940628444667
720575940626565455
720575940627941431
720575940624799290
720575940625962568
720575940611061526
720575940627109991
720575940629650997
720575940634634606
720575940613971485
720575940652566177
720575940626557995
720575940622892988
720575940629055721
720575940626042149
720575940629022149
720575940615848788
720575940614351477
720575940624915230
720575940615986459
720575940621442224
720575940622449388
720575940630059847
720575940611783464
720575940621729757
720575940632767383
720575940602506208
720575940602132509
720575940630080071
720575940617534110
720575940614035485
720575940630070343
720575940621625597
720575940638664437
720575940618941037
720575940623312828
720575940600646173
720575940620649641
720575940637632419
720575940635545310
720575940622937528
720575940627049731
720575940624981436
720575940616589878
720575940640753267
720575940626309438
720575940615469785
720575940628903247
720575940625605905
720575940625885512
720575940607386307
720575940632615379
720575940615573597
720575940606154370
720575940639360245
720575940620543110
720575940604122982
720575940609486690
720575940637410869
720575940628192055
720575940612773374
720575940627282279
720575940619998228
720575940627821553
720575940644439860
720575940620937897
720575940621776227
720575940620673663
720575940620575579
720575940613959391
720575940617807227
720575940637078591
720575940626574108
720575940611000499
720575940623313961
720575940628134526
720575940610674581
720575940622204585
720575940625472277
720575940627332139
720575940625173006
720575940608763460
720575940612420118
720575940630734393
720575940632596449
720575940615879995
720575940616383389
720575940616791067
720575940616934289
720575940627219272
720575940622397075
720575940623042539
720575940623511795
720575940629972215
720575940622785418
720575940633660314
720575940635005303
720575940625972261
720575940635739504
720575940616196539
720575940638092366
720575940620885342
720575940634826135
720575940618760432
720575940625040973
720575940630910203
720575940624533948
720575940621286102
720575940628344074
720575940642063245
720575940631467565
720575940609831800
720575940658904961
720575940630858767
720575940632002017
720575940618609799
720575940631034936
720575940615015976
720575940611643033
720575940616287449
720575940625836925
720575940624833673
720575940623637995
720575940620593840
720575940619360065
720575940625148505
720575940627930630
720575940639196760
720575940629706496
720575940644663332
720575940616332381
720575940615957563
720575940621791664
720575940613698747
720575940629534458
720575940626093553
720575940626309509
720575940614336739
720575940613413374
720575940632080671
720575940640843316
720575940628672122
720575940609644498
720575940638185550
720575940620649972
720575940635960462
720575940624391667
720575940619934411
720575940618363072
720575940615035323
720575940635549364
720575940613167766
720575940631291666
720575940635962254
720575940629004158
720575940611630194
720575940629917471
720575940613657650
720575940630251095
720575940633358431
720575940624154928
720575940615097275
720575940621294412
720575940612642730
720575940629647351
720575940625279294
720575940633286611
720575940626933959
720575940622606106
720575940622589419
720575940637619007
720575940620078507
720575940622146698
720575940623729968
720575940626031548
720575940620687707
720575940611308261
720575940625381397
720575940639166080
720575940609685624
720575940621171700
720575940627023954
720575940628996867
720575940621805261
720575940633869281
720575940611132890
720575940626988231
720575940618603179
720575940637019994
720575940627488455
720575940626857368
720575940625351461
720575940627209734
720575940629941356
720575940622749709
720575940625871248
720575940635086234
720575940638300486
720575940638284607
720575940622447242
720575940618173787
720575940632361111
720575940618558769
720575940627327938
720575940631406667
720575940614041117
720575940618078299
720575940638708058
720575940603728561
720575940630098243
720575940625179918
720575940624338521
720575940613425459
720575940611070020
720575940618599872
720575940618927024
720575940622529939
720575940633378411
720575940608658205
720575940635136880
720575940620658310
720575940618078635
720575940634682815
720575940616224117
720575940615555257
720575940645760820
720575940629250775
720575940604273632
720575940617613392
720575940627099006
720575940617167316
720575940627490052
720575940619729835
720575940624755180
720575940613934965
720575940614427195
720575940604531229
720575940638681845
720575940612409885
720575940629296185
720575940621289537
720575940630122015
720575940632274636
720575940611690666
720575940628020042
720575940626454361
720575940609565230
720575940621574661
720575940610208046
720575940620957110
720575940620382324
720575940626291581
720575940614688322
720575940624274924
720575940625491556
720575940614188149
720575940615809349
720575940630564179
720575940630319671
720575940629138959
720575940620410177
720575940645466500
720575940622344170
720575940620382889
720575940630098084
720575940627350504
720575940604753437
720575940647493241
720575940629267498
720575940641921421
720575940602720940
720575940637054835
720575940614060829
720575940625797617
720575940618684481
720575940610018266
720575940628101126
720575940609522461
720575940630960911
720575940630667587
720575940630187727
720575940610801250
720575940615179423
720575940617478725
720575940607546889
720575940621340429
720575940633904284
720575940628951287
720575940605695665
720575940612960552
720575940636325488
720575940620959258
720575940626374040
720575940625826916
720575940614686058
720575940610715746
720575940608508867
720575940622953983
720575940628740346
720575940627461380
720575940619767467
720575940604763494
720575940619999252
720575940631936081
720575940617135389
720575940632364115
720575940630992557
720575940621455017
720575940625324094
720575940620896477
720575940643673454
720575940630937508
720575940613255731
720575940631598904
720575940638312270
720575940630462172
720575940633965724
720575940625369648
720575940629396796
720575940637177572
720575940643418990
720575940629814332
720575940606678146
720575940645100910
720575940622271684
720575940626540821
720575940619479979
720575940626169481
720575940624882471
720575940610899349
720575940606640329
720575940620150255
720575940606656434
720575940625524938
720575940631288850
720575940625293084
720575940622508073
720575940617559481
720575940637022298
720575940614200994
720575940606101634
720575940626406552
720575940625494053
720575940631966791
720575940629486018
720575940645904675
720575940645103726
720575940623352247
720575940621633313
720575940630695621
720575940615142412
720575940616862465
720575940651933686
720575940640842485
720575940620612929
720575940608412611
720575940623861757
720575940626890377
720575940611499669
720575940628391440
720575940612461795
720575940616758075
720575940606536393
720575940615038367
720575940621684769
720575940623184637
720575940623971592
720575940626188490
720575940631468831
720575940607785739
720575940624903757
720575940620150767
720575940638928035
720575940621013364
720575940625296074
720575940611473301
720575940624156696
720575940613504808
720575940624253624
720575940624283891
720575940624186602
720575940606736002
720575940618590262
720575940617665856
720575940621434495
720575940646044980
720575940619330251
720575940616659929
720575940624379400
720575940642413604
720575940614485307
720575940626200457
720575940630962280
720575940629824378
720575940607635012
720575940617738325
720575940617859486
720575940622340137
720575940612626538
720575940636542565
720575940629440067
720575940630299084
720575940633625455
720575940620206214
720575940624976330
720575940621145053
720575940616837277
720575940628857982
720575940624698396
720575940635032986
720575940626646787
720575940627981211
720575940627444746
720575940610253432
720575940604781158
720575940627172751
720575940620998253
720575940629906223
720575940636356678
720575940624324248
720575940630451141
720575940630253420
720575940618207936
720575940636943849
720575940631559884
720575940615335458
720575940622665801
720575940606986691
720575940611345813
720575940628533591
720575940620699162
720575940610768738
720575940627572200
720575940627177359
720575940623189739
720575940629355064
720575940610213785
720575940645504878
720575940637445183
720575940622299272
720575940619448967
720575940625680074
720575940628818023
720575940644318756
720575940633278689
720575940628963175
720575940626748232
720575940612585577
720575940620919578
720575940652127734
720575940632623524
720575940611056482
720575940623165709
720575940627334474
720575940618591030
720575940614597644
720575940618357126
720575940632494818
720575940622267260
720575940618950480
720575940616183483
720575940622340393
720575940628979218
720575940630174223
720575940620057502
720575940611545011
720575940622406694
720575940628977170
720575940619686208
720575940610103906
720575940620744728
720575940624606140
720575940632309841
720575940624989223
720575940627562472
720575940630050668
720575940629152060
720575940627116858
720575940627343125
720575940613851699
720575940654562209
720575940627467779
720575940612819763
720575940611351193
720575940617873566
720575940626922771
720575940645035287
720575940625664202
720575940629122170
720575940626878120
720575940641339021
720575940622631146
720575940616620433
720575940623179923
720575940635184820
720575940626316602
720575940628958711
720575940659071361
720575940632572130
720575940633964700
720575940614433503
720575940624284308
720575940634241727
720575940624248300
720575940620946864
720575940613428008
720575940629665900
720575940640609525
720575940635185588
720575940614186914
720575940623158453
720575940624015543
720575940638817725
720575940608279817
720575940629387902
720575940616395101
720575940632463919
720575940620556680
720575940617668662
720575940619161479
720575940630597177
720575940622382285
720575940631190058
720575940654611617
720575940605426110
720575940633300636
720575940634228124
720575940615855499
720575940626520402
720575940641764552
720575940615455230
720575940631575627
720575940614534623
720575940634667234
720575940626274314
720575940626648606
720575940638054197
720575940632463663
720575940627357256
720575940624355051
720575940609610564
720575940632475859
720575940610849649
720575940633171808
720575940633978207
720575940614808844
720575940622886663
720575940626471185
720575940618850128
720575940636498660
720575940623047688
720575940608606421
720575940632386899
720575940623047432
720575940632077538
720575940654070689
720575940629582892
720575940618795911
720575940607101961
720575940619295623
720575940619134037
720575940628923639
720575940621666654
720575940610148306
720575940638894397
720575940620602721
720575940617130129
720575940624899405
720575940626472721
720575940626132508
720575940624683152
720575940626483985
720575940640240885
720575940613019373
720575940627270406
720575940617589573
720575940628589438
720575940636436142
720575940628901758
720575940611385829
720575940622185430
720575940625718576
720575940626839464
720575940629761017
720575940629549815
720575940624377579
720575940637258206
720575940638909749
720575940620156763
720575940619630982
720575940631970144
720575940635247284
720575940627314088
720575940608292361
720575940622378281
720575940630800658
720575940634076095
720575940639350589
720575940630794767
720575940625559358
720575940622030806
720575940611672538
720575940630291195
720575940620320884
720575940621848781
720575940640611803
720575940625070067
720575940627039034
720575940611876338
720575940638716275
720575940623458633
720575940626773009
720575940632968161
720575940613078993
720575940622961961
720575940635618793
720575940612000022
720575940605697824
720575940631957218
720575940637084762
720575940640397520
720575940621639133
720575940637681215
720575940620969477
720575940630308567
720575940638248518
720575940618467195
720575940623810813
720575940622277400
720575940604972209
720575940628402023
720575940617095837
720575940635606639
720575940630422543
720575940619551824
720575940624411623
720575940623101877
720575940615656498
720575940634490219
720575940615096495
720575940612473202
720575940626745682
720575940622061132
720575940610022264
720575940604340448
720575940610424696
720575940630783023
720575940604281888
720575940622686973
720575940618494032
720575940626406916
720575940643258916
720575940621931460
720575940604210976
720575940624516042
720575940618763201
720575940620252543
720575940622052586
720575940648272761
720575940622138762
720575940637627470
720575940626514920
720575940640293083
720575940634168568
720575940624727226
720575940615941337
720575940615826269
720575940633300159
720575940629376087
720575940634140084
720575940626837745
720575940620131824
720575940618052568
720575940610719730
720575940629210230
720575940603183840
720575940637825358
720575940628397655
720575940633330111
720575940610901145
720575940604272672
720575940622059242
720575940605558402
720575940626833926
720575940616100753
720575940626761990
720575940621743240
720575940628326594
720575940607008011
720575940609712226
720575940629792018
720575940628926684
720575940626108433
720575940603029472
720575940622724331
720575940629689541
720575940614396172
720575940622939912
720575940628817367
720575940635995614
720575940624677182
720575940620260596
720575940630971679
720575940625204611
720575940627277950
720575940624800868
720575940628274626
720575940624881180
720575940603198432
720575940619107675
720575940620703401
720575940610705843
720575940609868238
720575940626794314
720575940638592384
720575940614514886
720575940613782239
720575940645824644
720575940631459629
720575940628390400
720575940636387812
720575940622139862
720575940608562389
720575940626034204
720575940616508555
720575940629484482
720575940621183326
720575940616462429
720575940632343891
720575940612219562
720575940616361302
720575940628638458
720575940631190314
720575940637701695
720575940621040417
720575940624313748
720575940611775194
720575940619909652
720575940617083163
720575940616437597
720575940628040778
720575940605398206
720575940631455140
720575940617672093
720575940639361664
720575940611477873
720575940628015601
720575940620979700
720575940617469085
720575940629397564
720575940628700571
720575940618156315
720575940621218985
720575940616017676
720575940618920277
720575940640770805
720575940618861105
720575940637128538
720575940634789271
720575940632688813
720575940624156686
720575940621401072
720575940627836359
720575940629812284
720575940626453337
720575940616957913
720575940628673615
720575940609859960
720575940628651931
720575940624981069
720575940614667882
720575940605424574
720575940635822437
720575940625283646
720575940638312637
720575940626817284
720575940652043254
720575940625841214
720575940608227595
720575940645497635
720575940626933002
720575940626533642
720575940627063634
720575940624006131
720575940619745415
720575940628993146
720575940629237036
720575940638332494
720575940614831558
720575940636498907
720575940622978823
720575940634186091
720575940620791028
720575940623334891
720575940604236768
720575940624003336
720575940628081393
720575940636688752
720575940622923447
720575940618432054
720575940636013966
720575940624576845
720575940634104159
720575940611501205
720575940629977047
720575940629201143
720575940630927691
720575940612149418
720575940646449204
720575940615716795
720575940633810111
720575940623746708
720575940637289694
720575940633524443
720575940612315373
720575940621571341
720575940610473109
720575940630092867
720575940624589770
720575940622130058
720575940635607408
720575940624730212
720575940629220214
720575940613801183
720575940618998208
720575940658685825
720575940639739125
720575940633165207
720575940630722351
720575940624462885
720575940619107931
720575940607015260
720575940631447085
720575940617161270
720575940622440119
720575940609298808
720575940637975110
720575940624265264
720575940634789495
720575940622434584
720575940624910876
720575940622451383
720575940621774591
720575940642393485
720575940620921565
720575940618568613
720575940622807629
720575940619557473
720575940626077010
720575940628332994
720575940605622658
720575940631444013
720575940611329138
720575940645865092
720575940630292388
720575940608971218
720575940624758884
720575940629316815
720575940613241490
720575940607004252
720575940630363596
720575940631384545
720575940631262035
720575940628143191
720575940625048606
720575940616286465
720575940625781011
720575940642256544
720575940625073154
720575940633738603
720575940618972587
720575940619038379
720575940609181230
720575940611007717
720575940607058524
720575940628826172
720575940616100497
720575940627290371
720575940638652800
720575940618492245
720575940623318247
720575940638416336
720575940619059115
720575940623314580
720575940645264180
720575940618557008
720575940633762667
720575940616615195
720575940609713250
720575940616242918
720575940626360836
720575940617226753
720575940624171408
720575940636652863
720575940624683194
720575940613410666
720575940628272322
720575940626001746
720575940604404913
720575940631993299
720575940637844558
720575940630609512
720575940612338942
720575940638286243
720575940635127182
720575940622075530
720575940630075448
720575940629035116
720575940613443178
720575940626107665
720575940613442666
720575940633458842
720575940620494369
720575940631174199
720575940629316089
720575940629667065
720575940622170623
720575940627978395
720575940633122711
720575940614446790
720575940640231131
720575940622658301
720575940611039402
720575940619900788
720575940621497368
720575940630630284
720575940619922358
720575940607345365
720575940612970151
720575940637851982
720575940619437478
720575940611324530
720575940622396343
720575940632803996
720575940620170740
720575940637850557
720575940620539418
720575940623267732
720575940621911064
720575940607881667
720575940632082387
720575940640753037
720575940621395661
720575940622639181
720575940634115252
720575940621897866
720575940609869774
720575940618556752
720575940620320517
720575940614234418
720575940628592684
720575940620252799
720575940630953892
720575940633130592
720575940614433990
720575940607019019
720575940625589117
720575940626833158
720575940630787665
720575940626397256
720575940623307815
720575940616548692
720575940618451285
720575940626554856
720575940622991112
720575940637844157
720575940624428848
720575940609661906
720575940624418352
720575940616375041
720575940631999970
720575940610956953
720575940629307129
720575940631999955
720575940612756399
720575940622570165
720575940613135870
720575940626644679
720575940630787153
720575940618896660
720575940621642376
720575940643318052
720575940616786501
720575940607817173
720575940634291045
720575940630686860
720575940643261220
720575940624663482
720575940625362840
720575940623527608
720575940629811019
720575940618474581
720575940627554203
720575940616351233
720575940628491308
720575940630321356
720575940619542081
720575940628517175
720575940623777869
720575940624432944
720575940629309177
720575940632802972
720575940626295951
720575940638093939
720575940625363096
720575940629380559
720575940622148490
720575940615434123
720575940619484525
720575940604257638
720575940624163984
720575940618476368
720575940618289867
720575940620149469
720575940610798834
720575940634508911
720575940618669808
720575940611015909
720575940624903994
720575940627356495
720575940637220211
720575940628513335
720575940629290233
720575940628117118
720575940628557879
720575940605824946
720575940621303565
720575940623289575
720575940630279480
720575940642581704
720575940620715789
720575940621583367
720575940638610421
720575940623938125
720575940620052464
720575940625624350
720575940629602501
720575940626650108
720575940633551002
720575940625850131
720575940626557436
720575940620544801
720575940619757488
720575940616295937
720575940607005788
720575940614138783
720575940622416903
720575940613781983
720575940643275812
720575940626867786
720575940611535126
720575940622655979
720575940623522744
720575940614478278
720575940618911425
720575940621417421
720575940645301812
720575940621861119
720575940638124147
720575940625890067
720575940612886695
720575940619938217
720575940633335450
720575940643241508
720575940634619759
720575940626627580
720575940620092656
720575940616526420
720575940630750279
720575940607931145
720575940629786639
720575940626327720
720575940618267339
720575940631461805
720575940623177964
720575940623238636
720575940623886925
720575940643850862
720575940622412807
720575940604217534
720575940618998644
720575940636365540
720575940628875735
720575940616254182
720575940631416109
720575940643339287
720575940627197200
720575940622471431
720575940637838670
720575940624891420
720575940624138242
720575940630667660
720575940625523837
720575940635191694
720575940626052369
720575940630288696
720575940629903691
720575940620991940
720575940620312052
720575940629903903
720575940607775324
720575940633173143
720575940630600248
720575940624993538
720575940632000979
720575940615070837
720575940613966914
720575940644421428
720575940628795276
720575940623224044
720575940645805188
720575940610518770
720575940615774139
720575940609098286
720575940637372221
720575940631397165
720575940604524465
720575940625549128
720575940618474320
720575940629185275
720575940630607756
720575940637820750
720575940638586496
720575940648304761
720575940620454238
720575940621614435
720575940621919940
720575940622635517
720575940633121175
720575940635507824
720575940624922140
720575940619978075
720575940632384537
720575940621341210
720575940626649084
720575940617905713
720575940622558133
720575940644627735
720575940630677900
720575940604211744
720575940613824874
720575940618818580
720575940619826548
720575940631383085
720575940624078436
720575940624537546
720575940628434167
720575940611230322
720575940615010933
720575940632165857
720575940628041722
720575940619075207
720575940614597307
720575940609894094
720575940622612989
720575940625727369
720575940628560951
720575940620691811
720575940618483323
720575940624999056
720575940622877940
720575940610802403
720575940629185751
720575940639611381
720575940642506184
720575940621906470
720575940628828631
720575940626307177
720575940614377228
720575940617444254
720575940643790446
720575940659439233
720575940631147833
720575940637246948
720575940625607178
720575940625228121
720575940624920348
720575940618795349
720575940630554728
720575940619548225
720575940626402376
720575940614596795
720575940618118193
720575940615567163
720575940628948444
720575940620339009
720575940607434588
720575940631988179
720575940628267767
720575940623264807
720575940629730575
720575940629213302
720575940633429148
720575940623178995
720575940614468438
720575940622431751
720575940618820033
720575940612502056
720575940638228131
720575940638082163
720575940629194614
720575940629354703
720575940630620044
720575940629377367
720575940614276876
720575940618843073
720575940638259544
720575940622997759
720575940618831124
720575940639560411
720575940609253956
720575940618085937
720575940621715336
720575940623252723
720575940631450413
720575940644706158
720575940617490005
720575940604367294
720575940621728588
720575940622456039
720575940618746533
720575940612534056
720575940631038163
720575940628254402
720575940625596676
720575940625408830
720575940633437850
720575940625229861
720575940621654664
720575940605282505
720575940631292959
720575940631047751
720575940629126651
720575940607452117
720575940630820218
720575940630118979
720575940627396943
720575940626576892
720575940605846962
720575940626066197
720575940631437997
720575940633243034
720575940618625927
720575940620254829
720575940615941270
720575940621306700
720575940625802003
720575940624515530
720575940616404002
720575940629590981
720575940617145654
720575940650845174
720575940605277641
720575940633547359
720575940624874524
720575940623311847
720575940610665934
720575940636020855
720575940619085190
720575940625409086
720575940633388479
720575940643795054
720575940643240228
720575940618156480
720575940628319354
720575940629136891
720575940630097219
720575940629620421
720575940621447629
720575940634038964
720575940607437269
720575940642507464
720575940633296319
720575940632401433
720575940621906726
720575940627329579
720575940619498337
720575940623519502
720575940613200530
720575940629214070
720575940623553468
720575940617541755
720575940636530921
720575940622667032
720575940620585933
720575940657445249
720575940658990721
720575940611343853
720575940648095097
720575940629752204
720575940623512317
720575940619686689
720575940623624084
720575940626690120
720575940637030975
720575940633294527
720575940622444938
720575940618903888
720575940614363970
720575940625359741
720575940627774287
720575940612969169
720575940604425644
720575940626733967
720575940609547549
720575940631081356
720575940633125624
720575940627105864
720575940611938001
720575940620879808
720575940619800001
720575940611528410
720575940622357740
720575940621730557
720575940633475424
720575940614056733
720575940629365760
720575940630487594
720575940612344306
720575940632816339
720575940643141024
720575940624496280
720575940636645624
720575940639169597
720575940628896759
720575940623836222
720575940614454870
720575940620879552
720575940620860766
720575940629235084
720575940608990306
720575940630539023
720575940613194143
720575940634379918
720575940607770972
720575940626049098
720575940633364984
720575940627108625
720575940612687597
720575940617393437
720575940653913761
720575940617074004
720575940607772681
720575940638984099
720575940633027865
720575940640817204
720575940615700274
720575940630311698
720575940618881585
720575940610797410
720575940620813808
720575940611899158
720575940634647487
720575940625602597
720575940621341168
720575940623110837
720575940604991409
720575940616917721
720575940616393814
720575940654449313
720575940620179883
720575940637296730
720575940630544967
720575940623873259
720575940608999492
720575940622691622
720575940628742043
720575940625871460
720575940623837693
720575940621388276
720575940623986983
720575940616335675
720575940624068244
720575940618889931
720575940620113799
720575940631694069
720575940617945246
720575940619991232
720575940618652318
720575940623038249
720575940627714665
720575940623956263
720575940607590748
720575940627714310
720575940621625633
720575940637012196
720575940630379126
720575940635345271
720575940620847999
720575940624042727
720575940630902287
720575940622141965
720575940630317686
720575940626885960
720575940621298164
720575940616889915
720575940618056753
720575940608524224
720575940604816672
720575940619553877
720575940630915346
720575940612249770
720575940611773041
720575940638107445
720575940625807193
720575940608280841
720575940631788871
720575940634688959
720575940617091106
720575940617127451
720575940616098354
720575940640761819
720575940622155619
720575940611327923
720575940621665886
720575940623650997
720575940630535698
720575940617735965
720575940633621017
720575940622721577
720575940627752443
720575940628306784
720575940626956298
720575940634133600
720575940610339938
720575940644281380
720575940631044059
720575940629141292
720575940620981936
720575940620862896
720575940624468455
720575940610646734
720575940630060887
720575940623281043
720575940634228415
720575940604901310
720575940632967649
720575940634714075
720575940618646744
720575940616345049
720575940618051485
720575940622212045
720575940629901686
720575940611910898
720575940620568436
720575940613142191
720575940625542172
720575940619932654
720575940611723473
720575940629253431
720575940637616094
720575940617034333
720575940629967663
720575940620888191
720575940631367264
720575940607651083
720575940626753809
720575940631367776
720575940626606211
720575940626524805
720575940624137656
720575940626673490
720575940606683266
720575940619181105
720575940621686561
720575940617212134
720575940634239083
720575940632154285
720575940630202624
720575940630291062
720575940610261346
720575940623889895
720575940625349520
720575940638791101
720575940640719861
720575940637389534
720575940615735711
720575940622960422
720575940627356072
720575940624555559
720575940620214977
720575940629736443
720575940632784851
720575940621323689
720575940606599042
720575940621894365
720575940623715509
720575940620823796
720575940624428728
720575940627542769
720575940623357675
720575940628349446
720575940616040587
720575940626666066
720575940621218729
720575940614165758
720575940624258318
720575940619489445
720575940617048157
720575940604249824
720575940633553820
720575940632175268
720575940621033477
720575940622591049
720575940609732654
720575940622234211
720575940639049560
720575940619083349
720575940645483555
720575940619085397
720575940618633782
720575940630678009
720575940612439958
720575940604976318
720575940616907067
720575940612100837
720575940608104540
720575940616695508
720575940617967941
720575940612422002
720575940606993074
720575940620921776
720575940622993449
720575940616501787
720575940651360246
720575940640554045
720575940622283912
720575940613153320
720575940608876471
720575940638811507
720575940632112429
720575940638190414
720575940631412576
720575940626875529
720575940614166495
720575940614178302
720575940614715295
720575940631866508
720575940621397417
720575940614742850
720575940634249567
720575940614014614
720575940652059894
720575940621981464
720575940620055617
720575940618264955
720575940630870851
720575940634629311
720575940611197107
720575940617504027
720575940621010352
720575940626625822
720575940637792233
720575940630448215
720575940623017769
720575940633058989
720575940635973989
720575940629743063
720575940611273395
720575940628107267
720575940637715689
720575940620243183
720575940620676929
720575940622515405
720575940631549231
720575940629275180
720575940622099405
720575940619694040
720575940620206068
720575940631470378
720575940617066653
720575940623474871
720575940613309359
720575940616631001
720575940608875703
720575940628111875
720575940622638276
720575940617691220
720575940632513581
720575940635244724
720575940620819952
720575940639531171
720575940625269136
720575940629837628
720575940610254638
720575940625113637
720575940624179384
720575940631272003
720575940640420304
720575940622770189
720575940620267713
720575940621272865
720575940627372184
720575940631977299
720575940620114196
720575940630816569
720575940623292925
720575940604054188
720575940621141274
720575940612029081
720575940608487772
720575940630530263
720575940620099520
720575940636887262
720575940635345519
720575940638431029
720575940614316650
720575940610678482
720575940645728803
720575940625003964
720575940631314316
720575940624527548
720575940637239006
720575940618261371
720575940644247844
720575940623524349
720575940655071905
720575940609289284
720575940611392986
720575940618293406
720575940631463495
720575940617541147
720575940618544507
720575940615229115
720575940631641704
720575940625489764
720575940628495447
720575940631370336
720575940618861873
720575940612418483
720575940605929161
720575940619407495
720575940638064100
720575940632618148
720575940639601752
720575940609732398
720575940619065429
720575940632016943
720575940625650378
720575940636804976
720575940629020610
720575940628146987
720575940629531095
720575940631750687
720575940634589594
720575940605291040
720575940617125666
720575940617245908
720575940621244510
720575940630174268
720575940614280554
720575940613783038
720575940613221928
720575940614803266
720575940634891700
720575940624277652
720575940621409008
720575940611349466
720575940627674630
720575940630425285
720575940622581709
720575940641950349
720575940629534679
720575940628218011
720575940624589500
720575940620953254
720575940627845711
720575940643000480
720575940637095657
720575940626033692
720575940632164772
720575940616793300
720575940624157769
720575940617110306
720575940608942275
720575940622683174
720575940615276661
720575940619572762
720575940623437547
720575940635672677
720575940628054760
720575940634640091
720575940617434086
720575940635959919
720575940609065173
720575940639041443
720575940615134623
720575940623300137
720575940645722403
720575940625695772
720575940611958963
720575940625843843
720575940629707008
720575940632288815
720575940616855185
720575940630715899
720575940617426973
720575940607853833
720575940638546229
720575940607208114
720575940639339392
720575940619663239
720575940611029858
720575940608021596
720575940634339167
720575940613551144
720575940634745451
720575940611006158
720575940626270236
720575940623928812
720575940625023024
720575940621077253
720575940627085199
720575940613428945
720575940617063325
720575940617164578
720575940628874395
720575940646441780
720575940621314593
720575940638921525
720575940628451175
720575940614086142
720575940613475368
720575940628258715
720575940622199977
720575940608369026
720575940619235920
720575940606912386
720575940613915089
720575940613618483
720575940628168015
720575940621340148
720575940631884748
720575940622127830
720575940612955107
720575940622074582
720575940624520231
720575940631699852
720575940631554616
720575940636290935
720575940626543768
720575940630916347
720575940620575653
720575940616823481
720575940627925865
720575940615241010
720575940622635817
720575940605209521
720575940634073183
720575940627977457
720575940628910235
720575940640952027
720575940632082463
720575940623777771
720575940625812286
720575940619759552
720575940641288923
720575940621325601
720575940621501609
720575940614866242
720575940625269194
720575940626124828
720575940639599192
720575940612307478
720575940659426177
720575940629253376
720575940606443977
720575940618682747
720575940630930191
720575940623199239
720575940631809863
720575940630309847
720575940625812798
720575940615108930
720575940621054234
720575940632680109
720575940617122193
720575940614417258
720575940635022840
720575940618901424
720575940640405968
720575940608884931
720575940628379471
720575940616162235
720575940614927989
720575940628978450
720575940630094325
720575940621076458
720575940634599643
720575940631326751
720575940631368544
720575940605997233
720575940628315232
720575940604879025
720575940634609115
720575940607765259
720575940639410035
720575940631399008
720575940621005677
720575940641396078
720575940609934365
720575940612407581
720575940616080212
720575940620940276
720575940628969984
720575940625866789
720575940618896624
720575940637418549
720575940643903904
720575940628941762
720575940607944384
720575940640836660
720575940616951124
720575940613669357
720575940631957344
720575940631367520
720575940637039962
720575940616479121
720575940637062975
720575940630650130
720575940600433181
720575940613469545
720575940613641915
720575940630969051
720575940630472727
720575940616612025
720575940609527069
720575940623401128
720575940623587780
720575940622281352
720575940631412832
720575940609691075
720575940642582039
720575940607881152
720575940623146378
720575940607947456
720575940620422938
720575940642897312
720575940616413509
720575940627883087
720575940623805159
720575940613622014
720575940636104846
720575940628908670
720575940618130334
720575940612478181
720575940628194647
720575940622946963
720575940628210272
720575940650244342
720575940636395866
720575940634605531
720575940623399059
720575940612453526
720575940632692378
720575940620031341
720575940638694307
720575940638636533
720575940629860089
720575940636241038
720575940638256949
720575940612647166
720575940607948224
720575940616859622
720575940615222201
720575940608975371
720575940619465131
720575940620276144
720575940626162378
720575940635278455
720575940610753656
720575940620422413
720575940632107940
720575940615540841
720575940644036644
720575940615926982
720575940631049002
720575940622202858
720575940638243645
720575940617967188
720575940621431247
720575940611684787
720575940618255936
720575940613803293
720575940631191367
720575940628160617
720575940636410869
720575940614830604
720575940612235439
720575940617803803
720575940635290231
720575940613924271
720575940625587970
720575940610079857
720575940608893623
720575940613127314
720575940610759634
720575940630964187
720575940627775943
720575940624111177
720575940610236740
720575940636335735
720575940628355846
720575940610702968
720575940630960325
720575940623988971
720575940619235486
720575940611088563
720575940612031129
720575940639375182
720575940606850761
720575940624770540
720575940615716469
720575940624065724
720575940659131009
720575940615033410
720575940615676334
720575940616190651
720575940626409049
720575940622611224
720575940627540484
720575940627835591
720575940625755850
720575940636033655
720575940621443241
720575940627603432
720575940637755625
720575940623057642
720575940621229556
720575940630773778
720575940621308540
720575940631254611
720575940615634619
720575940621508101
720575940620709185
720575940616916441
720575940627704828
720575940623778284
720575940618551862
720575940605075628
720575940632430381
720575940633257753
720575940632081439
720575940619549520
720575940633289185
720575940620088149
720575940621423348
720575940623614903
720575940652060662
720575940616551307
720575940612186265
720575940636174181
720575940640901621
720575940623157738
720575940615502751
720575940624834547
720575940614125202
720575940626089298
720575940624595961
720575940631469098
720575940624115785
720575940622263821
720575940626980410
720575940632967905
720575940628578639
720575940615579078
720575940628472835
720575940604731308
720575940611583218
720575940620130543
720575940614636950
720575940620989556
720575940623112339
720575940603639724
720575940639090395
720575940616642363
720575940636425584
720575940623290153
720575940623001736
720575940633301217
720575940615225055
720575940631406944
720575940610711416
720575940625909962
720575940627104649
720575940629985900
720575940640369360
720575940620563777
720575940629339959
720575940633556634
720575940627249039
720575940619785131
720575940634820703
720575940632307527
720575940630832635
720575940627352595
720575940634229399
720575940629105022
720575940630117879
720575940625919434
720575940627585688
720575940639970392
720575940629492727
720575940630467804
720575940626795909
720575940623897096
720575940635777016
720575940615387846
720575940621513566
720575940635058612
720575940641783437
720575940627493096
720575940617811013
720575940610716770
720575940628669289
720575940623990763
720575940608784579
720575940633443353
720575940630834171
720575940617517661
720575940624546062
720575940624375079
720575940631539001
720575940629105658
720575940639691136
720575940622811903
720575940635217144
720575940614795410
720575940632128031
720575940642414989
720575940639405912
720575940637612095
720575940632129567
720575940622552163
720575940627437572
720575940629269630
720575940615024543
720575940639649152
720575940612419763
720575940620386981
720575940626241369
720575940636537663
720575940608112137
720575940615590843
720575940627580136
720575940634612843
720575940633957271
720575940621051501
720575940621870618
720575940637630783
720575940622026757
720575940606938313
720575940627927751
720575940631794513
720575940612129962
720575940619742288
720575940631170346
720575940646062115
720575940630269945
720575940622927242
720575940611939314
720575940623784340
720575940616561035
720575940624393715
720575940624664468
720575940636075119
720575940646507316
720575940629302016
720575940622063948
720575940611814883
720575940632001700
720575940611837938
720575940630503798
720575940631934511
720575940619866533
720575940631971911
720575940634161504
720575940605433022
720575940634662810
720575940608193545
720575940623938795
720575940620926836
720575940637661247
720575940622643661
720575940625579722
720575940613611048
720575940646163235
720575940623642037
720575940627685864
720575940636569434
720575940636137591
720575940629350394
720575940617156445
720575940630925330
720575940627751567
720575940639397747
720575940621092534
720575940632449619
720575940621097398
720575940605530302
720575940634020508
720575940620740078
720575940614805983
720575940626135548
720575940631277354
720575940610341525
720575940634830175
720575940625227672
720575940630834683
720575940621722111
720575940629014119
720575940628769239
720575940626242191
720575940614326946
720575940620322753
720575940626522620
720575940633057943
720575940617244049
720575940627538947
720575940621464344
720575940614544582
720575940629450366
720575940634775706
720575940646929204
720575940639826304
720575940614835362
720575940629188251
720575940634781594
720575940633287394
720575940621815690
720575940639082062
720575940608742409
720575940623077389
720575940630660951
720575940636079991
720575940632669741
720575940624666044
720575940626748446
720575940630018115
720575940635067034
720575940612684402
720575940645106376
720575940639296189
720575940628574723
720575940615700934
720575940636016239
720575940633364179
720575940624686268
720575940620249734
720575940631699816
720575940629044071
720575940642123917
720575940622342569
720575940636559534
720575940619341105
720575940622419165
720575940606611401
720575940617654818
720575940639145550
720575940640169947
720575940625917386
720575940606612937
720575940608554052
720575940612446744
720575940614856042
720575940614280359
720575940643791304
720575940605800369
720575940615972027
720575940616655989
720575940615976891
720575940619869120
720575940606619081
720575940620745825
720575940617407929
720575940627195691
720575940645089559
720575940626719101
720575940618135109
720575940604274622
720575940626949513
720575940627442709
720575940623189799
720575940630017603
720575940621823514
720575940634512992
720575940621508336
720575940637813220
720575940620257345
720575940619508033
720575940623108134
720575940628786511
720575940620320193
720575940626873240
720575940613682911
720575940620257216
720575940615272415
720575940627985351
720575940619218078
720575940604805036
720575940634178656
720575940621776410
720575940621110454
720575940613696552
720575940605919334
720575940631108492
720575940616336245
720575940618851963
720575940639290045
720575940607827392
720575940627912135
720575940624807352
720575940633293538
720575940634181984
720575940613036914
720575940613331693
720575940619518667
720575940642108557
720575940617212929
720575940619210968
720575940627142666
720575940612355763
720575940627453778
720575940605213100
720575940626726021
720575940616428884
720575940626148354
720575940610028868
720575940624670759
720575940641372661
720575940638980149
720575940631670584
720575940605691424
720575940604810668
720575940634837343
720575940641395163
720575940624501747
720575940623298559
720575940630020111
720575940628359017
720575940613956767
720575940614000947
720575940625054647
720575940631156431
720575940626693894
720575940637919295
720575940625624464
720575940637919551
720575940646927668
720575940627442197
720575940625626000
720575940620516846
720575940618847281
720575940630458732
720575940625627024
720575940627379333
720575940634414959
720575940615239746
720575940630461804
720575940614205708
720575940610739666
720575940642163341
720575940646704692
720575940625910714
720575940628873295
720575940634419040
720575940621563892
720575940622706653
720575940607452594
720575940628828688
720575940623360394
720575940614529186
720575940631482666
720575940608491019
720575940639699059
720575940622593476
720575940631997580
720575940621593972
720575940624067581
720575940620458735
720575940646735668
720575940621136816
720575940614004019
720575940623991881
720575940628698371
720575940623490794
720575940631100690
720575940622518749
720575940612375525
720575940628915279
720575940633555425
720575940624123645
720575940622857827
720575940622432726
720575940643888584
720575940629989879
720575940626983293
720575940615090582
720575940632037260
720575940614908822
720575940626881625
720575940623222271
720575940615860748
720575940642309261
720575940619930965
720575940640760016
720575940624724211
720575940609832772
720575940637243504
720575940611223906
720575940630054656
720575940639161909
720575940640713680
720575940638556998
720575940614644898
720575940639648573
720575940620822893
720575940608862677
720575940624761075
720575940623291945
720575940611986545
720575940622082729
720575940632170065
720575940624334827
720575940623979959
720575940619878485
720575940614656162
720575940624562618
720575940619447105
720575940613776962
720575940622344216
720575940626257736
720575940609816014
720575940634892389
720575940613006590
720575940625049945
720575940627304963
720575940615860061
720575940631915219
720575940632229457
720575940611177586
720575940619694512
720575940623840589
720575940607059122
720575940608457483
720575940628356358
720575940618770625
720575940622329212
720575940627371322
720575940631003077
720575940627372602
720575940613521389
720575940640130432
720575940616786315
720575940616793174
720575940619557937
720575940638142953
720575940638144233
720575940608986069
720575940605860710
720575940624116553
720575940621020257
720575940612279731
720575940620293652
720575940636332663
720575940632618700
720575940630625132
720575940611057506
720575940620661931
720575940625904016
720575940612136666
720575940612341490
720575940635579128
720575940640820788
720575940640841268
720575940612286899
720575940612679594
720575940609003733
720575940621870576
720575940615469634
720575940620537734
720575940628957443
720575940640651325
720575940612029297
720575940623301417
720575940628896299
720575940639233333
720575940636656014
720575940612567449
720575940611000274
720575940620538246
720575940617945684
720575940624913596
720575940633626082
720575940639741347
720575940632188497
720575940614332899
720575940624846835
720575940633278675
720575940618953270
720575940635159659
720575940619912021
720575940635028634
720575940644635172
720575940617972052
720575940623325993
720575940615301599
720575940636768613
720575940639745085
720575940639405683
720575940606872777
720575940624832231
720575940619969227
720575940623151565
720575940620587713
720575940646362403
720575940632315473
720575940621032513
720575940627778393
720575940617845505
720575940622171169
720575940632683212
720575940610621742
720575940638081855
720575940620537435
720575940618898230
720575940632812867
720575940622163020
720575940632226641
720575940615230175
720575940625929765
720575940612615833
720575940637153648
720575940605627424
720575940607088514
720575940616096306
720575940634257564
720575940619128955
720575940608399452
720575940629032015
720575940645085975
720575940621172545
720575940629766782
720575940617241659
720575940632297007
720575940624510868
720575940630207799
720575940604988332
720575940630211127
720575940623529875
720575940636475511
720575940605622118
720575940623503401
720575940625966350
720575940617795814
720575940619697624
720575940611154786
720575940622998115
720575940617938772
720575940618003284
720575940620087888
720575940617668537
720575940623412360
720575940647034420
720575940611121362
720575940645539694
720575940627106173
720575940629505274
720575940626784899
720575940630721910
720575940622295585
720575940645629038
720575940619416881
720575940635078239
720575940633738209
720575940608483164
720575940629544442
720575940626164938
720575940630820347
720575940619940811
720575940619941067
720575940605755424
720575940621120353
720575940628543473
720575940610595118
720575940627839304
720575940630462940
720575940638191679
720575940616545110
720575940615750318
720575940629804414
720575940629806206
720575940616653429
720575940625888560
720575940616661109
720575940635237727
720575940641656283
720575940621887732
720575940623543236
720575940626606594
720575940605219500
720575940620622785
720575940625972624
720575940614847906
720575940639298237
720575940635285599
720575940612217818
720575940632717988
720575940623083288
720575940631461451
720575940605238188
720575940645086999
720575940645087511
720575940628467462
720575940609221845
720575940623406984
720575940626570648
720575940617145300
720575940621590132
720575940629114959
720575940607544329
720575940626149578
720575940634683488
720575940624167093
720575940632022888
720575940630534615
720575940614109615
720575940620661675
720575940631448338
720575940634703456
720575940630324284
720575940630910971
720575940630785388
720575940632252661
720575940623557158
720575940628218976
720575940623562534
720575940626258532
720575940617457881
720575940636276336
720575940612956378
720575940635732916
720575940617724390
720575940642442893
720575940640748195
720575940643912608
720575940639803453
720575940616042508
720575940628162300
720575940627103518
720575940614684834
720575940625565368
720575940612841330
720575940628539335
720575940626286432
720575940631769845
720575940647404932
720575940630161152
720575940644611016
720575940625912250
720575940642168205
720575940605185312
720575940637661838
720575940626570242
720575940615041064
720575940639742627
